10 424 -0.5331 5.6950
20 424 -0.6781 5.2506
30 424 -0.8122 4.8233
40 424 -0.8557 4.5227
50 424 -1.0143 4.0750
60 424 -1.0769 3.5487
70 424 -1.1729 3.2509
80 424 -1.3592 2.8652
90 424 -1.3972 2.3256
100 424 -1.5265 1.8542
110 424 -1.7208 1.5092
120 424 -1.7826 1.1193
130 424 -1.8505 0.6296
140 424 -1.9327 0.1800
150 424 -1.9413 -0.1149
160 424 -1.9986 -0.6150
170 424 -2.0457 -1.1429
180 424 -2.0772 -1.5051
190 424 -2.2468 -1.8799
200 424 -2.2545 -2.4194
210 424 -2.3197 -2.9147
220 424 -2.4794 -3.2678
