10 1792 0.7271 5.7636
20 1792 0.6628 5.5339
30 1792 0.5465 5.0730
40 1792 0.4541 4.6640
50 1792 0.4558 4.3972
60 1792 0.3451 3.9403
70 1792 0.3339 3.5122
80 1792 0.2843 3.1912
90 1792 0.1480 2.7795
100 1792 0.0663 2.2616
110 1792 0.0341 1.9513
120 1792 -0.0626 1.5901
130 1792 -0.0608 1.0829
140 1792 -0.1075 0.7277
150 1792 -0.2796 0.4053
160 1792 -0.2904 -0.1520
170 1792 -0.3790 -0.5258
180 1792 -0.5689 -0.8945
190 1792 -0.6300 -1.3367
200 1792 -0.7443 -1.8093
210 1792 -0.9245 -2.2360
220 1792 -0.9753 -2.6567
230 1792 -1.0721 -3.1415
240 1792 -1.2287 -3.5040
