10 1371 0.6487 7.4620
20 1371 0.6407 7.1560
30 1371 0.4865 6.7894
40 1371 0.4237 6.2947
50 1371 0.3531 5.9872
60 1371 0.2105 5.6163
70 1371 0.2160 5.1451
80 1371 0.2013 4.7172
90 1371 0.1201 4.3938
100 1371 0.1520 3.9410
110 1371 0.1059 3.4909
120 1371 0.0296 3.0267
130 1371 0.0038 2.7128
140 1371 -0.0972 2.1682
150 1371 -0.1521 1.6868
160 1371 -0.2309 1.3389
170 1371 -0.3941 0.8817
180 1371 -0.4611 0.3196
190 1371 -0.5525 -0.0262
200 1371 -0.6849 -0.4357
210 1371 -0.7067 -0.9967
220 1371 -0.7428 -1.4491
230 1371 -0.8245 -1.8785
240 1371 -0.7946 -2.3739
250 1371 -0.8417 -2.9281
