10 1933 1.4106 -2.7288
20 1933 1.3742 -2.3603
30 1933 1.3721 -2.0084
40 1933 1.4262 -1.4571
50 1933 1.3806 -1.0876
60 1933 1.3415 -0.7440
70 1933 1.3403 -0.1885
80 1933 1.2354 0.1803
90 1933 1.1806 0.4687
100 1933 1.1887 1.0160
110 1933 1.0790 1.4841
120 1933 1.0480 1.7583
130 1933 1.0438 2.2581
140 1933 0.9354 2.6866
150 1933 0.9468 3.0086
160 1933 1.0065 3.4056
170 1933 0.9594 3.8839
180 1933 1.0167 4.2358
190 1933 1.0768 4.6137
200 1933 1.0061 5.1451
210 1933 1.0864 5.5835
220 1933 1.1398 5.8936
230 1933 1.1433 6.3574
