10 1164 3.2904 -3.1094
20 1164 3.2883 -2.7690
30 1164 3.2776 -2.1714
40 1164 3.3713 -1.7077
50 1164 3.3842 -1.3710
60 1164 3.3719 -0.8419
70 1164 3.4820 -0.2289
80 1164 3.4896 0.1694
90 1164 3.5298 0.5859
100 1164 3.6432 1.1119
110 1164 3.6344 1.6116
120 1164 3.7371 1.9508
130 1164 3.8458 2.3977
140 1164 3.8748 2.9517
150 1164 3.9848 3.3792
160 1164 4.0163 3.6764
170 1164 3.9977 4.2338
180 1164 4.0931 4.7199
190 1164 4.0600 5.1169
200 1164 4.0516 5.4272
210 1164 4.0941 6.0433
220 1164 4.0236 6.3979
230 1164 4.0488 6.6772
240 1164 4.0892 7.1874
