10 190 0.1817 2.0530
20 190 0.0664 1.4590
30 190 0.0860 0.8769
40 190 0.0297 0.3978
50 190 -0.0439 -0.0501
60 190 -0.1220 -0.6854
70 190 -0.3234 -1.2716
80 190 -0.3170 -1.8604
90 190 -0.3304 -2.2727
100 190 -0.3582 -2.8094
110 190 -0.2975 -3.5016
120 190 -0.3708 -4.1542
130 190 -0.3307 -4.7269
140 190 -0.3113 -5.1747
150 190 -0.3445 -5.8181
160 190 -0.3238 -6.5785
170 190 -0.4002 -7.2428
180 190 -0.3624 -7.6474
190 190 -0.3406 -8.2379
200 190 -0.3946 -8.9947
210 190 -0.3171 -9.6405
220 190 -0.2844 -10.1503
230 190 -0.2362 -10.5973
240 190 -0.1508 -11.2187
250 190 -0.1878 -11.9138
260 190 -0.0615 -12.4657
270 190 0.0220 -12.8685
280 190 0.1386 -13.4972
290 190 0.3211 -14.1582
300 190 0.4022 -14.7155
310 190 0.5800 -15.1689
320 190 0.7209 -15.5613
330 190 0.8623 -16.2524
340 190 1.0433 -16.7807
350 190 1.1454 -17.3074
360 190 1.2922 -17.7079
370 190 1.3758 -18.3176
380 190 1.3691 -18.9406
390 190 1.4780 -19.5080
400 190 1.5124 -19.9486
410 190 1.5707 -20.4641
420 190 1.6997 -21.1104
430 190 1.7680 -21.6765
440 190 1.8926 -22.0649
450 190 2.0020 -22.6161
460 190 2.0258 -23.2231
470 190 2.1505 -23.7672
480 190 2.1760 -24.2132
490 190 2.2510 -24.6634
500 190 2.3275 -25.1245
510 190 2.4205 -25.8547
520 190 2.6096 -26.2255
530 190 2.7381 -26.6017
540 190 2.8235 -27.3581
550 190 2.9217 -28.1234
560 190 2.9747 -28.4121
570 190 2.9866 -28.5772
