10 225 -0.5478 -25.5011
20 225 -0.5795 -24.8236
30 225 -0.5596 -24.0779
40 225 -0.5453 -23.4836
50 225 -0.5671 -22.9469
60 225 -0.4853 -22.5004
70 225 -0.5324 -21.8230
80 225 -0.5741 -21.1682
90 225 -0.5994 -20.5723
100 225 -0.6575 -20.1937
110 225 -0.6497 -19.5833
120 225 -0.7217 -18.8263
130 225 -0.7573 -18.2168
140 225 -0.7625 -17.7503
150 225 -0.8414 -17.2976
160 225 -0.8231 -16.7189
170 225 -0.8576 -15.9638
180 225 -0.8828 -15.4260
190 225 -0.8377 -14.9382
200 225 -0.9196 -14.4143
210 225 -0.9246 -13.7068
220 225 -0.9615 -13.0301
230 225 -0.9899 -12.5996
240 225 -0.8873 -12.1536
250 225 -0.8993 -11.4602
260 225 -0.8481 -10.8141
270 225 -0.7778 -10.2252
280 225 -0.7509 -9.7959
290 225 -0.6789 -9.3238
300 225 -0.7028 -8.6844
310 225 -0.7105 -8.0106
320 225 -0.6436 -7.5577
330 225 -0.6656 -7.0712
340 225 -0.5933 -6.4356
350 225 -0.6601 -5.7524
360 225 -0.7165 -5.2072
370 225 -0.7202 -4.7768
380 225 -0.7984 -4.1918
390 225 -0.7681 -3.5269
400 225 -0.7364 -2.9853
410 225 -0.7005 -2.4906
420 225 -0.5768 -2.0167
430 225 -0.5407 -1.3394
440 225 -0.4569 -0.7219
450 225 -0.3614 -0.3029
460 225 -0.3978 0.1471
470 225 -0.3768 0.8113
480 225 -0.4453 1.2802
490 225 -0.5338 1.7772
500 225 -0.5095 2.1483
510 225 -0.5332 2.7759
520 225 -0.4304 3.0704
