10 2 1.1444 0.1569
20 2 1.3393 -0.4959
30 2 1.4576 -1.0662
40 2 1.4492 -1.4918
50 2 1.3966 -1.9477
60 2 1.3300 -2.6070
70 2 1.0858 -3.1834
80 2 0.9134 -3.7571
90 2 0.6995 -4.2157
100 2 0.4302 -4.6848
110 2 0.2750 -5.3415
120 2 0.0195 -5.8912
130 2 -0.1033 -6.4915
140 2 -0.1713 -6.9427
150 2 -0.1846 -7.4799
160 2 -0.0453 -8.1124
170 2 0.0374 -8.7943
180 2 0.1942 -9.6380
190 2 0.2618 -10.0648
200 2 0.2739 -10.3788
210 2 0.2708 -11.1441
220 2 0.2235 -11.7706
230 2 0.3052 -12.3327
240 2 0.3640 -12.7319
250 2 0.4485 -13.3529
260 2 0.5801 -14.0610
270 2 0.6646 -14.6572
280 2 0.7731 -15.1420
290 2 0.8673 -15.6158
300 2 0.8861 -16.3094
310 2 0.9212 -16.9535
320 2 0.8919 -17.5574
330 2 0.8879 -17.9569
340 2 0.8406 -18.6821
350 2 0.7172 -19.1604
360 2 0.5902 -19.8470
370 2 0.4242 -20.3736
380 2 0.2692 -20.7202
390 2 0.2002 -21.3783
400 2 0.0182 -22.0330
410 2 0.0103 -22.6249
420 2 -0.0434 -23.1316
430 2 -0.0522 -23.5330
440 2 -0.0105 -24.2075
450 2 -0.0390 -24.6926
460 2 0.0187 -25.3209
470 2 0.0869 -25.7310
480 2 0.1539 -26.4774
490 2 0.2431 -27.1876
500 2 0.3601 -27.6562
510 2 0.5073 -28.0621
520 2 0.5751 -30.5162
