10 122 2.6474 -27.2493
20 122 2.7346 -26.5308
30 122 2.7174 -26.1927
40 122 2.7455 -25.4711
50 122 2.6997 -24.7841
60 122 2.6616 -24.3286
70 122 2.6762 -23.7704
80 122 2.5987 -23.2980
90 122 2.5699 -22.5479
100 122 2.4841 -21.9858
110 122 2.4066 -21.3700
120 122 2.3626 -20.8699
130 122 2.2713 -20.2569
140 122 2.2463 -19.6021
150 122 2.1916 -18.8358
160 122 2.1390 -18.3709
170 122 2.1661 -17.8745
180 122 2.0865 -17.2473
190 122 2.0767 -16.5168
200 122 2.0394 -15.9340
210 122 2.0089 -15.4296
220 122 2.0746 -14.9638
230 122 2.0554 -14.2382
240 122 2.0706 -13.5959
250 122 2.1277 -13.0545
260 122 2.0774 -12.5707
270 122 2.1661 -12.0016
280 122 2.1189 -11.3017
290 122 2.1051 -10.6829
300 122 2.1579 -10.2123
310 122 2.1101 -9.7586
320 122 2.1543 -9.1396
330 122 2.1547 -8.4544
340 122 2.1359 -7.8366
350 122 2.1817 -7.4238
360 122 2.1220 -6.8915
370 122 2.1274 -6.1952
380 122 2.1075 -5.4881
390 122 2.0956 -4.9332
400 122 2.2089 -4.4802
410 122 2.1456 -3.8134
420 122 2.0955 -3.1447
430 122 2.0417 -2.5628
440 122 1.9330 -2.0064
450 122 1.9497 -1.6496
460 122 1.8722 -0.9849
470 122 1.8156 -0.2957
480 122 1.7766 0.1780
490 122 1.6826 0.6240
500 122 1.6368 1.1353
510 122 1.6395 1.6771
520 122 1.5919 2.3803
530 122 1.6876 2.8314
540 122 1.6129 3.2233
550 122 1.6432 3.5528
