10 2 0.7042 -24.5868
20 2 0.7256 -23.9746
30 2 0.6999 -23.3788
40 2 0.6447 -22.8153
50 2 0.6452 -22.2425
60 2 0.5613 -21.8157
70 2 0.5695 -21.1720
80 2 0.5169 -20.4848
90 2 0.4775 -19.9820
100 2 0.4580 -19.5504
110 2 0.3624 -18.9804
120 2 0.3730 -18.3853
130 2 0.3663 -17.7715
140 2 0.3112 -17.3265
150 2 0.3471 -16.8842
160 2 0.2630 -16.2357
170 2 0.2977 -15.5924
180 2 0.2677 -15.0640
190 2 0.2102 -14.6433
200 2 0.2535 -14.0840
210 2 0.2035 -13.4925
220 2 0.1956 -12.9078
230 2 0.2221 -12.3882
240 2 0.1767 -11.9529
250 2 0.2226 -11.3848
260 2 0.1848 -10.7413
270 2 0.1607 -10.2315
280 2 0.1915 -9.7961
290 2 0.1328 -9.2636
300 2 0.1427 -8.6641
310 2 0.1182 -8.0759
320 2 0.0911 -7.5835
330 2 0.1142 -7.1498
340 2 0.0710 -6.4742
350 2 0.0722 -5.8876
360 2 0.0749 -5.3450
370 2 -0.0167 -4.9020
380 2 -0.0335 -4.3753
390 2 -0.0955 -3.7178
400 2 -0.1445 -3.1885
410 2 -0.1729 -2.6855
420 2 -0.2660 -2.2878
430 2 -0.2498 -1.6838
440 2 -0.2715 -1.0539
450 2 -0.3227 -0.5865
460 2 -0.3346 -0.1185
470 2 -0.4019 0.4485
480 2 -0.3621 1.0599
490 2 -0.3836 1.5341
500 2 -0.4650 2.0228
510 2 -0.4444 2.4997
520 2 -0.5184 2.8385
530 2 -0.5126 3.1060
540 2 -0.5470 3.1608
550 2 -0.6616 3.5026
