10 190 -1.5956 2.7263
20 190 -1.6155 2.3006
30 190 -1.6253 1.7931
40 190 -1.6540 1.4479
50 190 -1.7414 0.8218
60 190 -1.6882 0.1692
70 190 -1.7073 -0.3817
80 190 -1.6304 -0.7887
90 190 -1.5417 -1.2333
100 190 -1.5450 -1.8170
110 190 -1.4601 -2.4924
120 190 -1.4744 -2.9854
130 190 -1.4561 -3.4174
140 190 -1.3977 -3.9042
150 190 -1.4229 -4.5321
160 190 -1.3104 -5.0932
170 190 -1.3040 -5.6517
180 190 -1.2386 -6.0266
190 190 -1.1966 -6.5143
200 190 -1.2718 -7.2079
210 190 -1.2520 -7.7618
220 190 -1.3291 -8.1792
230 190 -1.4211 -8.6672
240 190 -1.4847 -9.3131
250 190 -1.6283 -9.8309
260 190 -1.6782 -10.3741
270 190 -1.7637 -10.8068
280 190 -1.8512 -11.2737
290 190 -1.8618 -11.9300
300 190 -1.9353 -12.4722
310 190 -1.8862 -12.8934
320 190 -1.8266 -13.3315
330 190 -1.8360 -13.9218
340 190 -1.7539 -14.5404
350 190 -1.7767 -14.9397
360 190 -1.7849 -15.3861
370 190 -1.7839 -15.9124
380 190 -1.8849 -16.5264
390 190 -1.8825 -17.0693
400 190 -1.9798 -17.5389
410 190 -2.0589 -17.9569
420 190 -2.0908 -18.5556
430 190 -2.2345 -19.1345
440 190 -2.2733 -19.6339
450 190 -2.3612 -20.0562
460 190 -2.4657 -20.6056
470 190 -2.4906 -21.2712
480 190 -2.6136 -21.8370
490 190 -2.6521 -22.2738
500 190 -2.7398 -22.7794
510 190 -2.8396 -23.2210
520 190 -2.8282 -23.8346
530 190 -2.9431 -24.3915
540 190 -2.9463 -24.7813
550 190 -2.9554 -25.1681
560 190 -3.0174 -25.7430
570 190 -3.0016 -26.1397
580 190 -3.0666 -26.6346
590 190 -3.1357 -27.1936
600 190 -3.1218 -27.7672
610 190 -3.1628 -28.1876
620 190 -3.1962 -29.0015
