10 135 -0.4903 -25.4647
20 135 -0.5215 -24.9211
30 135 -0.5450 -24.5303
40 135 -0.5080 -23.9559
50 135 -0.5224 -23.2636
60 135 -0.5677 -22.8595
70 135 -0.5464 -22.4236
80 135 -0.5683 -21.8908
90 135 -0.5268 -21.3005
100 135 -0.5330 -20.7615
110 135 -0.5897 -20.2698
120 135 -0.5679 -19.8807
130 135 -0.6195 -19.2642
140 135 -0.5682 -18.6705
150 135 -0.5516 -18.1648
160 135 -0.6452 -17.8314
170 135 -0.5980 -17.2758
180 135 -0.6479 -16.7036
190 135 -0.6859 -16.2180
200 135 -0.6682 -15.8377
210 135 -0.7252 -15.3035
220 135 -0.6982 -14.6810
230 135 -0.6926 -14.1421
240 135 -0.7418 -13.7022
250 135 -0.6897 -13.3372
260 135 -0.7266 -12.7983
270 135 -0.7077 -12.2483
280 135 -0.6839 -11.7831
290 135 -0.7339 -11.4171
300 135 -0.6714 -10.8212
310 135 -0.6889 -10.2390
320 135 -0.7027 -9.7994
330 135 -0.6841 -9.3800
340 135 -0.7328 -8.7926
350 135 -0.6998 -8.2615
360 135 -0.6733 -7.6967
370 135 -0.7160 -7.3247
380 135 -0.6570 -6.7879
390 135 -0.6843 -6.2297
400 135 -0.6700 -5.7171
410 135 -0.6486 -5.2663
420 135 -0.7022 -4.8513
430 135 -0.6731 -4.2482
440 135 -0.7029 -3.7146
450 135 -0.7543 -3.2752
460 135 -0.7372 -2.9082
470 135 -0.7873 -2.3127
480 135 -0.7860 -1.7842
490 135 -0.7644 -1.3345
500 135 -0.8082 -0.9442
510 135 -0.7709 -0.4418
520 135 -0.7588 0.1412
530 135 -0.8271 0.5338
540 135 -0.7693 1.0424
550 135 -0.8216 1.4599
560 135 -0.8237 1.9514
570 135 -0.8659 2.4028
580 135 -0.9584 2.5429
590 135 -0.9378 2.9921
600 135 -0.9779 3.1149
610 135 -1.0163 3.2291
620 135 -0.9618 3.6278
