10 37 -2.4528 1.3952
20 37 -2.5624 0.8169
30 37 -2.6546 0.4288
40 37 -2.7792 -0.0299
50 37 -2.7499 -0.6873
60 37 -2.8056 -1.3054
70 37 -2.7440 -1.7580
80 37 -2.6877 -2.2398
90 37 -2.6823 -2.8219
100 37 -2.5421 -3.4451
110 37 -2.5375 -4.0585
120 37 -2.4949 -4.8634
130 37 -2.4471 -5.0177
140 37 -2.4341 -5.5815
150 37 -2.3649 -6.1511
160 37 -2.4084 -6.7192
170 37 -2.3496 -7.3188
180 37 -2.3677 -7.7352
190 37 -2.4142 -8.2360
200 37 -2.4008 -8.9429
210 37 -2.4422 -9.5456
220 37 -2.3666 -10.0016
230 37 -2.3190 -10.4255
240 37 -2.2648 -11.0391
250 37 -2.1206 -11.7065
260 37 -2.0788 -12.3582
270 37 -1.9316 -12.7009
280 37 -1.8130 -13.1038
290 37 -1.7603 -13.6718
300 37 -1.6108 -14.1885
310 37 -1.5521 -14.6790
320 37 -1.4450 -15.0835
330 37 -1.3235 -15.5932
340 37 -1.2961 -16.1732
350 37 -1.1787 -16.6773
360 37 -1.1258 -17.0099
370 37 -1.0830 -17.5116
380 37 -0.9750 -18.0865
390 37 -0.9780 -18.5196
400 37 -0.9129 -18.9030
410 37 -0.8484 -19.2999
420 37 -0.8687 -19.9520
430 37 -0.7822 -20.4938
440 37 -0.7237 -20.8575
450 37 -0.6866 -21.3907
460 37 -0.5766 -21.9439
470 37 -0.6133 -22.5483
480 37 -0.5280 -23.0412
490 37 -0.4872 -23.4650
500 37 -0.5189 -24.0178
510 37 -0.4695 -24.7073
520 37 -0.4843 -25.1994
530 37 -0.4660 -25.5959
540 37 -0.3843 -25.8204
550 37 -0.4090 -26.5422
