10 53 -2.4959 -24.9979
20 53 -2.5296 -24.5710
30 53 -2.5933 -24.0866
40 53 -2.5559 -23.6635
50 53 -2.5823 -22.9907
60 53 -2.5969 -22.5828
70 53 -2.5826 -22.1883
80 53 -2.6716 -21.6862
90 53 -2.6432 -21.1835
100 53 -2.6197 -20.6115
110 53 -2.6808 -20.2840
120 53 -2.6354 -19.7795
130 53 -2.6308 -19.2623
140 53 -2.6697 -18.8007
150 53 -2.6527 -18.4292
160 53 -2.7280 -17.8760
170 53 -2.7281 -17.3250
180 53 -2.7357 -16.8542
190 53 -2.8099 -16.5237
200 53 -2.7653 -15.9710
210 53 -2.7719 -15.4428
220 53 -2.8074 -15.0959
230 53 -2.7370 -14.6190
240 53 -2.8114 -14.0704
250 53 -2.8375 -13.5700
260 53 -2.8158 -13.1298
270 53 -2.8642 -12.6422
280 53 -2.8160 -12.0557
290 53 -2.8190 -11.5263
300 53 -2.8704 -11.1491
310 53 -2.8372 -10.7082
320 53 -2.8875 -10.1671
330 53 -2.8963 -9.7416
340 53 -2.8767 -9.3458
350 53 -2.9221 -8.8282
360 53 -2.8865 -8.3140
370 53 -2.8899 -7.8254
380 53 -2.9389 -7.4445
390 53 -2.8819 -6.9591
400 53 -2.8721 -6.3009
410 53 -2.8677 -5.8207
420 53 -2.8103 -5.4062
430 53 -2.8601 -4.8995
440 53 -2.8247 -4.3673
450 53 -2.8371 -3.8947
460 53 -2.9169 -3.4931
470 53 -2.9112 -3.0672
480 53 -2.9412 -2.4721
490 53 -2.9334 -2.0460
500 53 -2.8789 -1.6807
510 53 -2.8855 -1.1558
520 53 -2.8352 -0.6299
530 53 -2.7970 -0.1715
540 53 -2.8853 0.1692
550 53 -2.8480 0.7647
560 53 -2.8547 1.1782
570 53 -2.9365 1.6388
580 53 -2.8898 2.1156
590 53 -2.9376 2.4662
600 53 -2.9484 2.8308
610 53 -2.9191 3.0334
620 53 -3.0307 3.0985
