10 70 -0.0800 -22.7628
20 70 -0.0301 -22.1973
30 70 -0.0601 -21.8141
40 70 -0.1110 -21.2592
50 70 -0.0763 -20.9383
60 70 -0.1370 -20.5965
70 70 -0.1669 -19.9331
80 70 -0.1491 -19.6388
90 70 -0.1856 -19.1971
100 70 -0.1687 -18.5299
110 70 -0.1911 -18.1975
120 70 -0.2049 -17.5861
130 70 -0.1299 -17.1588
140 70 -0.1338 -16.7991
150 70 -0.1073 -16.1107
160 70 -0.0870 -15.7370
170 70 -0.1014 -15.3193
180 70 -0.0601 -14.6935
190 70 -0.0467 -14.1863
200 70 -0.0666 -13.7566
210 70 -0.0396 -13.2806
220 70 -0.0952 -12.7294
230 70 -0.1281 -12.2588
240 70 -0.1313 -11.8457
250 70 -0.1958 -11.3564
260 70 -0.1320 -10.7786
270 70 -0.0915 -10.2908
280 70 -0.0814 -9.9141
290 70 0.0351 -9.4596
300 70 0.0483 -8.8940
310 70 0.0543 -8.4702
320 70 0.1086 -8.0880
330 70 0.0168 -7.5624
340 70 0.0223 -6.9762
350 70 -0.0052 -6.5168
360 70 -0.0734 -6.1399
370 70 -0.0556 -5.5867
380 70 -0.0838 -4.9967
390 70 -0.0862 -4.5372
400 70 -0.0208 -4.1846
410 70 -0.0417 -3.5574
420 70 0.0058 -3.0079
430 70 0.0288 -2.5577
440 70 -0.0029 -2.1155
450 70 0.0888 -1.5855
460 70 0.1047 -1.0566
470 70 0.1023 -0.6228
480 70 0.1357 -0.2137
490 70 0.0883 0.3261
500 70 0.1074 0.9274
510 70 0.1679 1.2497
520 70 0.1729 1.7939
530 70 0.2385 2.2577
540 70 0.2851 2.7399
550 70 0.2936 3.1489
560 70 0.3430 3.4074
570 70 0.2691 3.7530
580 70 0.3119 3.9175
590 70 0.3666 3.9770
