10 206 -0.9759 -21.9010
20 206 -0.9387 -21.4406
30 206 -0.9877 -21.1091
40 206 -0.9071 -20.5752
50 206 -0.9064 -19.9504
60 206 -0.9448 -19.5835
70 206 -0.9267 -19.1575
80 206 -0.9884 -18.5378
90 206 -1.0037 -18.1099
100 206 -1.0108 -17.6320
110 206 -1.0851 -17.2740
120 206 -1.0543 -16.6315
130 206 -1.0451 -16.1843
140 206 -1.0933 -15.7594
150 206 -1.0220 -15.3890
160 206 -1.0424 -14.7148
170 206 -1.0418 -14.3894
180 206 -0.9966 -13.9271
190 206 -1.0074 -13.4305
200 206 -0.9738 -12.9402
210 206 -0.9047 -12.4942
220 206 -0.9543 -12.0826
230 206 -0.9133 -11.6034
240 206 -0.8961 -11.0350
250 206 -0.9554 -10.7020
260 206 -0.9373 -10.2598
270 206 -0.9738 -9.6329
280 206 -0.9933 -9.2339
290 206 -0.9316 -8.8546
300 206 -0.9522 -8.2849
310 206 -0.9325 -7.7713
320 206 -0.8800 -7.3933
330 206 -0.9222 -6.9458
340 206 -0.8981 -6.3833
350 206 -0.9282 -5.9195
360 206 -1.0235 -5.5558
370 206 -0.9870 -5.0219
380 206 -1.0073 -4.4779
390 206 -1.0465 -4.0351
400 206 -1.0208 -3.6630
410 206 -1.0564 -3.0582
420 206 -1.0616 -2.5086
430 206 -1.0455 -2.0700
440 206 -1.1257 -1.6925
450 206 -1.0895 -1.1361
460 206 -1.0773 -0.6317
470 206 -1.1437 -0.2421
480 206 -1.1092 0.2340
490 206 -1.1193 0.8129
500 206 -1.1509 1.1899
510 206 -1.1163 1.6778
520 206 -1.1717 2.0959
530 206 -1.1569 2.6285
540 206 -1.1364 2.9779
550 206 -1.2693 3.3494
560 206 -1.2603 3.6160
570 206 -1.3278 3.7585
580 206 -1.4385 4.0916
590 206 -1.4459 4.2261
