10 41 -2.0761 3.8935
20 41 -2.0194 3.6484
30 41 -1.9767 3.6451
40 41 -1.8462 3.3923
50 41 -1.9017 3.0270
60 41 -1.8615 2.7116
70 41 -1.8278 2.3110
80 41 -1.8272 1.8352
90 41 -1.7445 1.3415
100 41 -1.7016 0.9524
110 41 -1.7134 0.3223
120 41 -1.7109 -0.2106
130 41 -1.8304 -0.6711
140 41 -1.8176 -1.1380
150 41 -1.7498 -1.7304
160 41 -1.7413 -2.3001
170 41 -1.6210 -2.7617
180 41 -1.5186 -3.1068
190 41 -1.4779 -3.7092
200 41 -1.3201 -4.2937
210 41 -1.2871 -4.7760
220 41 -1.1968 -5.1677
230 41 -1.0622 -5.5856
240 41 -1.0388 -6.1848
250 41 -0.9466 -6.6240
260 41 -0.9112 -7.0064
270 41 -0.8989 -7.5732
280 41 -0.7985 -8.1377
290 41 -0.8048 -8.6240
300 41 -0.7265 -9.0125
310 41 -0.6208 -9.5174
320 41 -0.5670 -10.1127
330 41 -0.4196 -10.5278
340 41 -0.3110 -10.9123
350 41 -0.2976 -11.4602
360 41 -0.1926 -12.0736
370 41 -0.1632 -12.5692
380 41 -0.0901 -12.9932
390 41 -0.0019 -13.4994
400 41 0.0027 -14.0644
410 41 0.1059 -14.6408
420 41 0.1220 -15.0365
430 41 0.1788 -15.5251
440 41 0.2885 -16.1209
450 41 0.2758 -16.7521
460 41 0.3618 -17.1649
470 41 0.4645 -17.5733
480 41 0.5287 -18.1934
490 41 0.6232 -18.7802
500 41 0.6715 -19.3029
510 41 0.7888 -19.7208
520 41 0.8584 -20.2146
530 41 0.8726 -20.7518
540 41 0.9955 -21.3655
550 41 1.0244 -21.8588
560 41 1.0972 -22.3050
570 41 1.1612 -22.9350
