10 3 -0.4360 -23.6440
20 3 -0.4033 -23.0420
30 3 -0.4066 -22.6355
40 3 -0.4644 -22.2882
50 3 -0.4171 -21.9537
60 3 -0.4414 -21.3979
70 3 -0.4562 -21.0784
80 3 -0.3889 -20.6724
90 3 -0.3737 -20.1349
100 3 -0.4009 -19.7901
110 3 -0.3337 -19.4501
120 3 -0.3707 -18.9168
130 3 -0.3974 -18.4771
140 3 -0.3737 -18.1860
150 3 -0.4135 -17.7750
160 3 -0.4312 -17.2968
170 3 -0.4200 -17.0137
180 3 -0.4859 -16.5308
190 3 -0.5345 -16.1610
200 3 -0.5308 -15.8356
210 3 -0.6219 -15.3183
220 3 -0.6507 -14.8870
230 3 -0.6457 -14.5888
240 3 -0.7341 -14.0908
250 3 -0.7351 -13.6137
260 3 -0.7227 -13.2494
270 3 -0.7808 -12.8680
280 3 -0.7638 -12.4353
290 3 -0.7485 -11.9874
300 3 -0.7964 -11.5858
310 3 -0.7660 -11.1033
320 3 -0.7619 -10.6640
330 3 -0.8210 -10.2798
340 3 -0.7933 -9.8127
350 3 -0.8155 -9.3117
360 3 -0.8836 -8.9952
370 3 -0.8571 -8.4557
380 3 -0.8750 -8.0356
390 3 -0.8937 -7.6509
400 3 -0.8552 -7.2548
410 3 -0.8604 -6.7311
420 3 -0.8836 -6.2959
430 3 -0.8339 -6.0001
440 3 -0.8672 -5.4736
450 3 -0.8646 -5.0499
460 3 -0.8220 -4.6896
470 3 -0.8551 -4.1930
480 3 -0.8296 -3.7557
490 3 -0.7818 -3.3852
500 3 -0.7935 -2.9363
510 3 -0.6925 -2.4582
520 3 -0.6346 -2.0366
530 3 -0.6683 -1.6657
540 3 -0.5919 -1.2028
550 3 -0.5730 -0.7768
560 3 -0.6042 -0.4868
570 3 -0.5411 0.0061
580 3 -0.5386 0.4225
590 3 -0.5434 0.7473
600 3 -0.4629 1.1742
610 3 -0.4552 1.5450
620 3 -0.4419 1.9100
630 3 -0.3719 2.3679
640 3 -0.3636 2.8072
650 3 -0.3241 3.1490
660 3 -0.2487 3.4559
670 3 -0.2818 3.6898
680 3 -0.2493 3.7346
690 3 -0.1927 3.9738
