10 53 -1.1302 1.2616
20 53 -1.2190 0.7861
30 53 -1.1896 0.2998
40 53 -1.2152 -0.0609
50 53 -1.2725 -0.5345
60 53 -1.2568 -1.1601
70 53 -1.2837 -1.5042
80 53 -1.2638 -1.8825
90 53 -1.2423 -2.4002
100 53 -1.3149 -2.9484
110 53 -1.3191 -3.2471
120 53 -1.3434 -3.7344
130 53 -1.4315 -4.3481
140 53 -1.4457 -4.7055
150 53 -1.4870 -5.1389
160 53 -1.5651 -5.6907
170 53 -1.5369 -6.2150
180 53 -1.5668 -6.5813
190 53 -1.5865 -6.9788
200 53 -1.5955 -7.5669
210 53 -1.6425 -8.0885
220 53 -1.6485 -8.4045
230 53 -1.6294 -8.9028
240 53 -1.7072 -9.4862
250 53 -1.6972 -9.9007
260 53 -1.7385 -10.3042
270 53 -1.7902 -10.9060
280 53 -1.7627 -11.4024
290 53 -1.8403 -11.8101
300 53 -1.8705 -12.2527
310 53 -1.8882 -12.7941
320 53 -1.9714 -13.2571
330 53 -2.0483 -13.6378
340 53 -2.0880 -14.1922
350 53 -2.1852 -14.7219
360 53 -2.2056 -15.2139
370 53 -2.2321 -15.5000
380 53 -2.2634 -16.0267
390 53 -2.2823 -16.7249
400 53 -2.3313 -17.0992
410 53 -2.3527 -17.4889
420 53 -2.3728 -18.1743
430 53 -2.4110 -18.7140
440 53 -2.3642 -19.2142
450 53 -2.3184 -19.5549
460 53 -2.2882 -20.1586
470 53 -2.1934 -20.7986
480 53 -2.1715 -21.1700
490 53 -2.0881 -21.5463
500 53 -2.0117 -22.1196
510 53 -1.9841 -22.7934
520 53 -1.9037 -23.1281
530 53 -1.8578 -23.4362
540 53 -1.8735 -23.9182
550 53 -1.8496 -24.8554
560 53 -1.9157 -25.2124
570 53 -1.9378 -25.6939
580 53 -1.9423 -26.3211
590 53 -1.9801 -26.7810
600 53 -1.9458 -27.3296
610 53 -1.9488 -27.7861
620 53 -1.8701 -27.9346
