10 13 0.5457 3.6769
20 13 0.4642 3.7816
30 13 0.3248 3.1202
40 13 0.1523 2.7950
50 13 0.1043 2.3626
60 13 -0.0369 1.9832
70 13 -0.1455 1.5485
80 13 -0.2018 1.0763
90 13 -0.3281 0.7959
100 13 -0.4108 0.3582
110 13 -0.5059 -0.1633
120 13 -0.6628 -0.5213
130 13 -0.7708 -0.9005
140 13 -0.8490 -1.4694
150 13 -0.9681 -1.8721
160 13 -1.0182 -2.1709
170 13 -1.0583 -2.7006
180 13 -1.1287 -3.2526
190 13 -1.1141 -3.6665
200 13 -1.1721 -4.0397
210 13 -1.2472 -4.5817
220 13 -1.2554 -5.1335
230 13 -1.2769 -5.4690
240 13 -1.2720 -5.9091
250 13 -1.2776 -6.5577
260 13 -1.3597 -6.9636
270 13 -1.3803 -7.3159
280 13 -1.4308 -7.8778
290 13 -1.5405 -8.4400
300 13 -1.5069 -8.8425
310 13 -1.5237 -9.2487
320 13 -1.5524 -9.8101
330 13 -1.5250 -10.3560
340 13 -1.6035 -10.7673
350 13 -1.6192 -11.1826
360 13 -1.6007 -11.8340
370 13 -1.6196 -12.3209
380 13 -1.5323 -12.7540
390 13 -1.4656 -13.1666
400 13 -1.4214 -13.6845
410 13 -1.3070 -14.3031
420 13 -1.2218 -14.8940
430 13 -1.1874 -15.5116
440 13 -1.1060 -15.6508
450 13 -1.1218 -16.0889
460 13 -1.0648 -16.4701
470 13 -1.0435 -16.9550
480 13 -1.1005 -17.5077
490 13 -1.0829 -18.0616
500 13 -1.2096 -18.4083
510 13 -1.2471 -18.7618
520 13 -1.2984 -19.5118
530 13 -1.4100 -19.8828
540 13 -1.4271 -20.2213
550 13 -1.5000 -20.7994
560 13 -1.6035 -21.3598
570 13 -1.6332 -21.7364
580 13 -1.7361 -22.1240
590 13 -1.8590 -22.5195
600 13 -1.9158 -23.0804
610 13 -2.0606 -23.4058
620 13 -2.1451 -23.6542
630 13 -2.2702 -24.5548
640 13 -2.3882 -25.0185
650 13 -2.4174 -25.5516
660 13 -2.5357 -26.4252
670 13 -2.6047 -26.3896
