10 83 -0.1029 -22.7398
20 83 -0.1760 -22.3337
30 83 -0.1578 -21.7502
40 83 -0.1581 -21.3248
50 83 -0.2477 -20.9900
60 83 -0.2377 -20.4188
70 83 -0.2900 -19.8411
80 83 -0.3580 -19.4889
90 83 -0.3478 -18.9988
100 83 -0.4288 -18.4230
110 83 -0.4342 -18.0445
120 83 -0.4239 -17.6203
130 83 -0.4945 -17.2200
140 83 -0.4932 -16.7997
150 83 -0.5205 -16.1866
160 83 -0.6008 -15.8572
170 83 -0.5966 -15.3279
180 83 -0.6293 -14.8282
190 83 -0.6806 -14.4282
200 83 -0.6652 -14.0750
210 83 -0.7077 -13.4360
220 83 -0.7680 -13.1128
230 83 -0.7517 -12.5692
240 83 -0.8177 -12.1874
250 83 -0.7964 -11.6343
260 83 -0.7624 -11.1462
270 83 -0.8126 -10.7715
280 83 -0.7899 -10.2715
290 83 -0.7917 -9.8415
300 83 -0.8455 -9.3952
310 83 -0.8100 -8.8986
320 83 -0.8479 -8.4285
330 83 -0.8436 -8.0272
340 83 -0.7722 -7.6205
350 83 -0.7840 -7.1024
360 83 -0.7438 -6.5491
370 83 -0.7259 -6.0631
380 83 -0.7737 -5.6903
390 83 -0.7501 -5.1534
400 83 -0.7709 -4.6492
410 83 -0.8141 -4.2407
420 83 -0.7858 -3.8266
430 83 -0.7804 -3.2244
440 83 -0.7565 -2.7909
450 83 -0.6713 -2.3443
460 83 -0.6669 -1.8974
470 83 -0.6018 -1.3628
480 83 -0.5729 -0.8983
490 83 -0.6057 -0.4926
500 83 -0.5436 0.0151
510 83 -0.5271 0.5388
520 83 -0.5228 0.9267
530 83 -0.4681 1.3086
540 83 -0.5228 1.7853
550 83 -0.5096 2.2481
560 83 -0.4469 2.7067
570 83 -0.4396 3.1672
580 83 -0.3833 3.4747
590 83 -0.3314 3.6490
600 83 -0.3374 3.7827
