10 164 0.0181 -26.8156
20 164 -0.0529 -26.2388
30 164 -0.0636 -25.4489
40 164 -0.1071 -24.6241
50 164 -0.1256 -24.1080
60 164 -0.0796 -23.5507
70 164 -0.1074 -22.7589
80 164 -0.1052 -22.0197
90 164 -0.1011 -21.4888
100 164 -0.1204 -20.9946
110 164 -0.0506 -20.3292
120 164 -0.0403 -19.5678
130 164 -0.0176 -19.1390
140 164 0.1336 -18.5078
150 164 0.2143 -17.9839
160 164 0.3860 -17.2214
170 164 0.4926 -16.5397
180 164 0.5563 -16.0494
190 164 0.6725 -15.5322
200 164 0.6375 -14.9249
210 164 0.6886 -14.1431
220 164 0.7528 -13.8007
230 164 0.7406 -13.2261
240 164 0.7629 -12.4809
250 164 0.7470 -12.0346
260 164 0.7422 -11.4605
270 164 0.7719 -10.8017
280 164 0.7578 -10.3649
290 164 0.7913 -9.5339
300 164 0.8627 -9.0939
310 164 0.8283 -8.6354
320 164 0.8865 -7.8964
330 164 0.9250 -7.2208
340 164 0.9246 -6.7631
350 164 0.9780 -6.2037
360 164 0.9317 -5.4961
370 164 0.9682 -4.7922
380 164 1.0232 -4.2738
390 164 1.0205 -3.7559
400 164 1.1155 -3.0501
410 164 1.0990 -2.3307
420 164 1.0621 -1.6509
430 164 1.0721 -1.1998
440 164 0.9909 -0.6524
450 164 0.9982 -0.0385
460 164 0.9674 0.5159
470 164 0.9010 0.9862
480 164 0.8978 1.5392
490 164 0.7750 1.8758
500 164 0.7596 2.2523
510 164 0.6866 2.4663
