10 29 -2.8460 -26.1949
20 29 -2.7656 -25.5113
30 29 -2.7799 -24.7358
40 29 -2.7175 -24.1054
50 29 -2.6874 -23.6595
60 29 -2.7139 -22.9514
70 29 -2.6662 -22.2550
80 29 -2.6345 -21.6201
90 29 -2.6476 -21.1218
100 29 -2.5689 -20.5648
110 29 -2.5933 -19.7474
120 29 -2.5529 -19.1246
130 29 -2.5100 -18.6377
140 29 -2.5383 -17.9975
150 29 -2.4560 -17.2779
160 29 -2.4514 -16.5810
170 29 -2.4778 -16.0662
180 29 -2.4505 -15.5102
190 29 -2.5270 -14.7401
200 29 -2.5419 -14.1368
210 29 -2.5466 -13.6558
220 29 -2.6132 -13.1291
230 29 -2.6037 -12.3141
240 29 -2.6593 -11.6920
250 29 -2.6937 -11.1660
260 29 -2.6766 -10.6749
270 29 -2.7347 -9.9069
280 29 -2.7170 -9.2594
290 29 -2.6887 -8.7570
300 29 -2.7014 -8.2541
310 29 -2.6266 -7.5295
320 29 -2.6336 -6.8741
330 29 -2.6077 -6.3184
340 29 -2.5893 -5.8257
350 29 -2.6065 -5.1406
360 29 -2.5572 -4.4234
370 29 -2.5473 -3.8659
380 29 -2.5869 -3.3974
390 29 -2.5068 -2.7834
400 29 -2.5347 -2.1530
410 29 -2.4789 -1.5393
420 29 -2.4238 -1.1092
430 29 -2.4365 -0.5367
440 29 -2.3874 0.0166
450 29 -2.3860 0.5272
460 29 -2.4185 1.0080
470 29 -2.3794 1.4982
480 29 -2.4600 1.8418
490 29 -2.4501 2.0383
500 29 -2.4331 2.1108
