10 312 1.7448 2.4027
20 312 1.6210 2.2480
30 312 1.5591 1.8947
40 312 1.3954 1.5679
50 312 1.2915 0.9987
60 312 1.2147 0.4569
70 312 1.0809 -0.0353
80 312 0.9913 -0.7106
90 312 0.9225 -1.1414
100 312 0.9089 -1.8634
110 312 1.0061 -2.3582
120 312 1.0621 -2.9766
130 312 1.1751 -3.3516
140 312 1.2515 -3.9360
150 312 1.2549 -4.5785
160 312 1.3537 -5.2204
170 312 1.3912 -5.6791
180 312 1.4057 -6.2054
190 312 1.4240 -6.9560
200 312 1.3676 -7.5652
210 312 1.4314 -8.0525
220 312 1.4432 -8.6027
230 312 1.3951 -9.1531
240 312 1.4420 -9.9275
250 312 1.4117 -10.4584
260 312 1.4076 -10.9184
270 312 1.4185 -11.6582
280 312 1.3034 -12.3426
290 312 1.3198 -12.9428
300 312 1.3058 -13.4153
310 312 1.1979 -14.0373
320 312 1.1837 -14.7940
330 312 1.0951 -15.3953
340 312 1.0771 -15.7806
350 312 1.0329 -16.5259
360 312 0.9531 -17.2118
370 312 1.0062 -17.8777
380 312 0.9677 -18.3398
390 312 0.9955 -18.8807
400 312 1.0265 -19.7225
410 312 0.9820 -20.3613
420 312 1.0866 -20.7858
430 312 1.1299 -21.4225
440 312 1.1579 -22.0953
450 312 1.2495 -22.8518
460 312 1.1922 -23.4264
470 312 1.1909 -23.8589
480 312 1.1862 -24.6062
490 312 1.1170 -25.3446
500 312 1.1397 -25.8952
510 312 1.1237 -26.4718
520 312 1.0765 -27.1470
