10 347 -0.7112 -26.4095
20 347 -0.7770 -25.8696
30 347 -0.7750 -25.0844
40 347 -0.8090 -24.3441
50 347 -0.8397 -23.7314
60 347 -0.7864 -23.2726
70 347 -0.8185 -22.4263
80 347 -0.7928 -21.7057
90 347 -0.7829 -21.0851
100 347 -0.8407 -20.6479
110 347 -0.8081 -19.9614
120 347 -0.8153 -19.1917
130 347 -0.7997 -18.6491
140 347 -0.7372 -18.2066
150 347 -0.7546 -17.4518
160 347 -0.7321 -16.8163
170 347 -0.6937 -16.2618
180 347 -0.7120 -15.7772
190 347 -0.6908 -15.1391
200 347 -0.7811 -14.4123
210 347 -0.8358 -13.9027
220 347 -0.8316 -13.4384
230 347 -0.9252 -12.7783
240 347 -0.9191 -12.0713
250 347 -0.9054 -11.5559
260 347 -0.9128 -11.0973
270 347 -0.8204 -10.4481
280 347 -0.7973 -9.7402
290 347 -0.7706 -9.2423
300 347 -0.6560 -8.7424
310 347 -0.6898 -8.0870
320 347 -0.6675 -7.3919
330 347 -0.6418 -6.8680
340 347 -0.6747 -6.4328
350 347 -0.6034 -5.7720
360 347 -0.6127 -5.1174
370 347 -0.6211 -4.5958
380 347 -0.5452 -4.2220
390 347 -0.5845 -3.5840
400 347 -0.5163 -2.9116
410 347 -0.4293 -2.4412
420 347 -0.3801 -2.0289
430 347 -0.2594 -1.4424
440 347 -0.2028 -0.8047
450 347 -0.1812 -0.3355
460 347 -0.0890 0.0925
470 347 -0.1603 0.6865
480 347 -0.1900 1.2785
490 347 -0.1793 1.5526
500 347 -0.2612 1.8991
510 347 -0.2499 2.1481
520 347 -0.3507 2.4088
