10 18 -0.6959 -25.8395
20 18 -0.6652 -25.2656
30 18 -0.6670 -24.8643
40 18 -0.5955 -24.3696
50 18 -0.6191 -23.6874
60 18 -0.6276 -23.1679
70 18 -0.5493 -22.7580
80 18 -0.6400 -22.2329
90 18 -0.5992 -21.5828
100 18 -0.5776 -21.0856
110 18 -0.6247 -20.7165
120 18 -0.6010 -20.0989
130 18 -0.6566 -19.4923
140 18 -0.6733 -19.1055
150 18 -0.6491 -18.6230
160 18 -0.7592 -17.9876
170 18 -0.7886 -17.4423
180 18 -0.8014 -17.1095
190 18 -0.9231 -16.5775
200 18 -0.9641 -15.9915
210 18 -1.0168 -15.5154
220 18 -1.0826 -15.0566
230 18 -1.0702 -14.4934
240 18 -1.1357 -13.9647
250 18 -1.1491 -13.5392
260 18 -1.1223 -13.1523
270 18 -1.2232 -12.5598
280 18 -1.3010 -12.0483
290 18 -1.3135 -11.6830
300 18 -1.4544 -11.1940
310 18 -1.4900 -10.6655
320 18 -1.5626 -10.2400
330 18 -1.6779 -9.8213
340 18 -1.6529 -9.2416
350 18 -1.7150 -8.7041
360 18 -1.7165 -8.3023
370 18 -1.6770 -7.9201
380 18 -1.6990 -7.3414
390 18 -1.6851 -6.8670
400 18 -1.6341 -6.5196
410 18 -1.6775 -6.0539
420 18 -1.6433 -5.4784
430 18 -1.6129 -5.0797
440 18 -1.6408 -4.7170
450 18 -1.6105 -4.1324
460 18 -1.6252 -3.6288
470 18 -1.6956 -3.2429
480 18 -1.7113 -2.8108
490 18 -1.7872 -2.2787
500 18 -1.8272 -1.7546
510 18 -1.7648 -1.4027
520 18 -1.7844 -0.9535
530 18 -1.7008 -0.4400
540 18 -1.5820 -0.0504
550 18 -1.5496 0.4193
560 18 -1.4416 0.9000
570 18 -1.4678 1.3031
580 18 -1.5078 1.6260
590 18 -1.4672 1.9413
600 18 -1.5977 2.1143
610 18 -1.6940 2.1556
620 18 -1.7176 2.5424
