10 102 -2.2864 1.9641
20 102 -2.2274 1.8714
30 102 -2.2190 1.6052
40 102 -2.2766 1.1333
50 102 -2.2369 0.6518
60 102 -2.2804 0.1900
70 102 -2.3330 -0.3521
80 102 -2.3504 -0.9662
90 102 -2.4331 -1.5569
100 102 -2.3829 -1.9967
110 102 -2.3237 -2.5133
120 102 -2.2738 -3.1283
130 102 -2.1516 -3.8266
140 102 -2.0964 -4.4065
150 102 -2.0103 -4.7722
160 102 -2.0440 -5.4863
170 102 -2.1303 -6.0926
180 102 -2.1532 -6.7734
190 102 -2.2277 -7.1949
200 102 -2.2968 -7.7278
210 102 -2.3287 -8.4903
220 102 -2.4206 -9.0999
230 102 -2.3949 -9.4832
240 102 -2.4592 -10.2605
250 102 -2.5575 -10.6918
260 102 -2.6017 -11.3185
270 102 -2.6889 -11.7686
280 102 -2.7271 -12.2103
290 102 -2.7570 -12.9524
300 102 -2.8306 -13.6074
310 102 -2.7943 -14.1001
320 102 -2.7728 -14.6051
330 102 -2.7575 -15.2703
340 102 -2.7164 -15.9905
350 102 -2.7184 -16.5476
360 102 -2.6824 -16.9844
370 102 -2.7176 -17.7389
380 102 -2.7848 -18.3277
390 102 -2.8007 -19.0053
400 102 -2.8361 -19.4471
410 102 -2.7909 -20.0085
420 102 -2.6361 -20.7645
430 102 -2.4576 -21.3957
440 102 -2.1481 -21.8638
450 102 -1.9514 -22.3635
460 102 -1.6523 -23.0272
470 102 -1.3807 -23.7077
480 102 -1.1810 -24.1930
490 102 -0.9065 -24.5954
500 102 -0.7216 -25.3557
510 102 -0.5590 -26.0912
520 102 -0.4110 -26.6725
530 102 -0.3358 -27.3901
540 102 -0.3001 -27.6749
550 102 -0.2328 -28.4152
