10 250 1.2391 -26.9942
20 250 1.1716 -26.5227
30 250 1.1705 -25.9189
40 250 1.0629 -25.2703
50 250 0.9965 -24.7651
60 250 0.9673 -24.4097
70 250 0.8535 -23.8850
80 250 0.7724 -23.2890
90 250 0.6335 -22.6407
100 250 0.4635 -22.2400
110 250 0.3786 -21.8679
120 250 0.2410 -21.2509
130 250 0.2006 -20.6405
140 250 0.2037 -20.1016
150 250 0.1733 -19.6310
160 250 0.1876 -19.2297
170 250 0.1154 -18.6277
180 250 0.1100 -17.9976
190 250 0.1394 -17.5196
200 250 0.0906 -17.1754
210 250 0.1582 -16.6272
220 250 0.0946 -15.9395
230 250 0.0897 -15.3676
240 250 0.1038 -14.9217
250 250 0.0384 -14.4227
260 250 0.0587 -13.8671
270 250 -0.0000 -13.1999
280 250 -0.0440 -12.6367
290 250 -0.0041 -12.1701
300 250 -0.0586 -11.6901
310 250 -0.0038 -11.1563
320 250 0.0224 -10.5492
330 250 0.0479 -10.0039
340 250 0.1564 -9.5686
350 250 0.1239 -8.9767
360 250 0.2010 -8.3806
370 250 0.3265 -7.8521
380 250 0.3616 -7.4304
390 250 0.5184 -6.8949
400 250 0.5325 -6.1975
410 250 0.6262 -5.7903
420 250 0.7876 -5.3387
430 250 0.8871 -4.8445
440 250 1.0524 -4.2733
450 250 1.1788 -3.7734
460 250 1.2521 -3.3451
470 250 1.4398 -2.9280
480 250 1.4714 -2.2954
490 250 1.4276 -1.7698
500 250 1.4504 -1.4141
510 250 1.3021 -0.9054
520 250 1.2415 -0.3201
530 250 1.1851 0.1627
540 250 1.0631 0.6240
550 250 1.0425 1.0733
560 250 0.9469 1.6147
570 250 0.8538 2.1179
580 250 0.8558 2.3588
590 250 0.7267 2.5996
600 250 0.7709 2.7661
