10 11 1.1976 2.2285
20 11 1.2290 1.8044
30 11 1.2220 1.3845
40 11 1.2799 0.8335
50 11 1.3670 0.3880
60 11 1.4294 -0.3284
70 11 1.5987 -0.8206
80 11 1.6512 -1.1543
90 11 1.6979 -1.7029
100 11 1.7329 -2.2968
110 11 1.6887 -2.8711
120 11 1.7436 -3.1853
130 11 1.7458 -3.6966
140 11 1.7087 -4.3345
150 11 1.7956 -4.8799
160 11 1.8108 -5.2378
170 11 1.8922 -5.7376
180 11 1.9492 -6.3364
190 11 1.9421 -6.9271
200 11 2.0127 -7.2788
210 11 1.9672 -7.7724
220 11 1.9998 -8.3542
230 11 2.0741 -8.8952
240 11 2.0697 -9.2484
250 11 2.0903 -9.8494
260 11 2.1526 -10.4566
270 11 2.1257 -10.9536
280 11 2.1852 -11.3355
290 11 2.2125 -11.9600
300 11 2.2197 -12.6174
310 11 2.2905 -13.1175
320 11 2.2814 -13.5116
330 11 2.2688 -14.0452
340 11 2.3015 -14.7554
350 11 2.2328 -15.2927
360 11 2.2457 -15.6871
370 11 2.2577 -16.1390
380 11 2.2281 -16.8711
390 11 2.2493 -17.4096
400 11 2.2050 -17.8337
410 11 2.1112 -18.2919
420 11 2.0058 -18.8852
430 11 1.8287 -19.4451
440 11 1.7312 -19.8729
450 11 1.5962 -20.3735
460 11 1.4063 -20.9295
470 11 1.3179 -21.5728
480 11 1.1459 -21.9309
490 11 1.0527 -22.2801
500 11 1.0323 -22.9379
510 11 0.8834 -23.4612
520 11 0.8876 -24.0008
530 11 0.8398 -24.3946
540 11 0.7900 -24.9565
550 11 0.8335 -25.5790
560 11 0.8225 -26.1217
570 11 0.8616 -26.5190
580 11 0.9231 -27.0045
590 11 0.9862 -27.6984
600 11 1.1080 -28.1253
