10 27 2.1198 3.6772
20 27 2.0320 3.5858
30 27 2.0046 3.3267
40 27 1.8771 3.1129
50 27 1.8134 2.8661
60 27 1.8181 2.2858
70 27 1.7711 1.8522
80 27 1.7687 1.4746
90 27 1.8033 0.9502
100 27 1.7659 0.3775
110 27 1.8535 0.0106
120 27 1.8785 -0.4282
130 27 1.8377 -1.0197
140 27 1.8880 -1.5139
150 27 1.8517 -1.8474
160 27 1.8035 -2.4223
170 27 1.8365 -3.0117
180 27 1.8024 -3.3584
190 27 1.7407 -3.8409
200 27 1.7730 -4.4865
210 27 1.7044 -5.0358
220 27 1.7026 -5.4012
230 27 1.6816 -5.9812
240 27 1.6170 -6.5637
250 27 1.6586 -7.1382
260 27 1.6264 -7.5332
270 27 1.5781 -8.0501
280 27 1.6134 -8.7450
290 27 1.5522 -9.1867
300 27 1.5531 -9.6015
310 27 1.6022 -10.1881
320 27 1.5359 -10.7516
330 27 1.5531 -11.0700
340 27 1.5116 -11.5485
350 27 1.4401 -12.1858
360 27 1.4595 -12.6142
370 27 1.3988 -13.0558
380 27 1.3441 -13.5954
390 27 1.3868 -14.1943
400 27 1.3251 -14.5256
410 27 1.3237 -15.0642
420 27 1.3726 -15.6181
430 27 1.3328 -16.0760
440 27 1.3409 -16.5070
450 27 1.3641 -17.0943
460 27 1.3573 -17.6521
470 27 1.4371 -17.9667
480 27 1.4830 -18.5199
490 27 1.4440 -19.0693
500 27 1.5264 -19.5940
510 27 1.5283 -19.9207
520 27 1.5281 -20.4432
530 27 1.5749 -21.0459
540 27 1.5280 -21.5270
550 27 1.5385 -21.9058
560 27 1.6082 -22.5602
570 27 1.5851 -22.9786
