10 31 -0.7659 -22.4415
20 31 -0.7520 -21.9056
30 31 -0.7417 -21.4438
40 31 -0.7925 -21.1053
50 31 -0.7221 -20.5686
60 31 -0.7298 -19.9286
70 31 -0.7369 -19.5890
80 31 -0.6604 -19.0945
90 31 -0.6586 -18.4894
100 31 -0.6305 -18.0197
110 31 -0.5600 -17.6605
120 31 -0.6114 -17.1081
130 31 -0.5898 -16.5698
140 31 -0.5784 -16.1995
150 31 -0.6400 -15.7530
160 31 -0.5959 -15.2201
170 31 -0.5835 -14.6792
180 31 -0.6335 -14.3934
190 31 -0.5545 -13.9151
200 31 -0.5568 -13.2725
210 31 -0.5551 -12.8716
220 31 -0.4902 -12.5147
230 31 -0.5515 -11.8914
240 31 -0.5019 -11.4824
250 31 -0.4305 -11.1443
260 31 -0.4664 -10.5589
270 31 -0.4370 -10.0676
280 31 -0.3890 -9.5776
290 31 -0.4302 -9.1609
300 31 -0.3534 -8.6609
310 31 -0.3185 -8.1211
320 31 -0.3185 -7.7980
330 31 -0.2167 -7.3086
340 31 -0.2272 -6.7609
350 31 -0.2214 -6.4200
360 31 -0.1639 -6.0313
370 31 -0.1916 -5.4118
380 31 -0.1892 -5.0158
390 31 -0.1288 -4.6773
400 31 -0.1600 -4.0694
410 31 -0.1458 -3.6271
420 31 -0.0931 -3.3042
430 31 -0.1370 -2.7648
440 31 -0.1146 -2.2453
450 31 -0.0642 -1.9263
460 31 -0.1001 -1.4308
470 31 -0.0406 -0.9208
480 31 -0.0117 -0.4395
490 31 -0.0521 -0.0863
500 31 0.0078 0.5098
510 31 0.0263 1.0096
520 31 0.0148 1.3897
530 31 0.0952 1.8762
540 31 0.1109 2.3791
550 31 0.1103 2.7435
560 31 0.1713 3.0818
570 31 0.1379 3.4997
580 31 0.1854 3.5548
590 31 0.2707 3.6844
600 31 0.2498 4.1816
610 31 0.3597 4.2503
