20 158 -1.5786 3.8966
50 158 -1.4189 2.5474
60 158 -1.5174 2.1955
70 158 -1.5620 1.8423
80 158 -1.6878 1.3340
90 158 -1.8557 0.8379
100 158 -1.9662 0.2138
110 158 -2.1818 -0.2442
120 158 -2.3033 -0.5725
130 158 -2.4486 -1.1203
140 158 -2.6043 -1.6924
150 158 -2.6944 -2.2535
160 158 -2.8692 -2.6858
170 158 -2.9691 -3.0296
180 158 -3.0817 -3.6093
190 158 -3.2318 -4.1257
200 158 -3.2757 -4.6133
210 158 -3.3706 -5.0392
220 158 -3.4659 -5.4961
230 158 -3.4475 -6.1282
240 158 -3.4876 -6.6434
250 158 -3.4493 -7.0050
260 158 -3.3370 -7.4951
270 158 -3.2962 -8.1794
280 158 -3.1317 -8.8051
290 158 -3.0738 -9.4590
300 158 -3.0084 -9.7533
310 158 -2.9346 -10.1752
320 158 -2.9720 -10.7173
330 158 -2.9141 -11.2409
340 158 -2.9160 -11.5840
350 158 -2.9328 -12.2227
360 158 -2.9533 -12.8549
370 158 -3.0217 -13.3655
380 158 -2.9898 -13.6969
390 158 -3.0162 -14.2267
400 158 -3.0869 -14.8951
410 158 -3.0577 -15.4526
420 158 -3.1270 -15.9152
430 158 -3.1074 -16.2792
440 158 -3.1418 -17.0041
450 158 -3.1993 -17.5520
460 158 -3.1709 -18.0135
470 158 -3.2513 -18.4432
480 158 -3.3164 -19.0318
490 158 -3.3499 -19.6840
500 158 -3.4093 -20.2437
510 158 -3.4242 -20.6775
520 158 -3.4650 -21.2276
530 158 -3.5449 -21.8217
540 158 -3.5769 -22.4541
550 158 -3.6620 -22.9784
