10 39 -0.4507 -22.1612
20 39 -0.3980 -21.6844
30 39 -0.4435 -21.3291
40 39 -0.3834 -20.7672
50 39 -0.3766 -20.1975
60 39 -0.4258 -19.7989
70 39 -0.3584 -19.4669
80 39 -0.3858 -18.8748
90 39 -0.3697 -18.3307
100 39 -0.2883 -17.9178
110 39 -0.3100 -17.5690
120 39 -0.2772 -16.9937
130 39 -0.2329 -16.6195
140 39 -0.2868 -16.1670
150 39 -0.2582 -15.6073
160 39 -0.2874 -15.1136
170 39 -0.3617 -14.6481
180 39 -0.3542 -14.2952
190 39 -0.4132 -13.6843
200 39 -0.4616 -13.3414
210 39 -0.4456 -12.7693
220 39 -0.5068 -12.3154
230 39 -0.4852 -11.8570
240 39 -0.4618 -11.3515
250 39 -0.4654 -10.9206
260 39 -0.4055 -10.4233
270 39 -0.4131 -9.8904
280 39 -0.4350 -9.4626
290 39 -0.3740 -9.0165
300 39 -0.4015 -8.4394
310 39 -0.4357 -8.0210
320 39 -0.3801 -7.5425
330 39 -0.4558 -7.0708
340 39 -0.4298 -6.5452
350 39 -0.4027 -6.0851
360 39 -0.5001 -5.6973
370 39 -0.4864 -5.1459
380 39 -0.5028 -4.6751
390 39 -0.5130 -4.3277
400 39 -0.4726 -3.8387
410 39 -0.4615 -3.2405
420 39 -0.4600 -2.8405
430 39 -0.3934 -2.4599
440 39 -0.4269 -1.9098
450 39 -0.4035 -1.3699
460 39 -0.3515 -0.9795
470 39 -0.4086 -0.5296
480 39 -0.3730 -0.0087
490 39 -0.3778 0.4426
500 39 -0.4305 0.8094
510 39 -0.3692 1.2494
520 39 -0.3473 1.8590
530 39 -0.3741 2.2457
540 39 -0.2799 2.7903
550 39 -0.2941 3.2290
560 39 -0.2709 3.4778
570 39 -0.1619 3.6400
580 39 -0.2079 3.7309
590 39 -0.1017 4.3134
600 39 -0.0230 4.2073
