10 3 -0.6944 -0.1017
20 3 -0.7581 -0.7838
30 3 -0.7675 -1.4004
40 3 -0.8659 -2.0792
50 3 -0.8838 -2.6691
60 3 -0.9797 -3.2260
70 3 -0.9977 -3.7477
80 3 -1.0057 -4.3557
90 3 -1.0696 -5.0049
100 3 -1.0303 -5.5647
110 3 -1.0845 -6.0425
120 3 -1.1051 -6.5455
130 3 -1.1449 -7.1459
140 3 -1.2706 -7.8299
150 3 -1.3090 -8.4132
160 3 -1.4241 -8.8658
170 3 -1.5156 -9.3254
180 3 -1.5898 -9.9445
190 3 -1.7568 -10.5590
200 3 -1.7997 -11.1700
210 3 -1.9344 -11.6360
220 3 -2.0542 -12.1071
230 3 -2.1471 -12.7312
240 3 -2.2474 -13.4022
250 3 -2.3101 -13.9926
260 3 -2.4213 -14.4758
270 3 -2.4957 -14.8968
280 3 -2.5952 -15.4831
290 3 -2.7360 -16.0451
300 3 -2.7623 -16.6543
310 3 -2.8568 -17.1659
320 3 -2.8895 -17.6171
330 3 -2.9609 -18.2440
340 3 -3.0762 -18.8649
350 3 -3.1089 -19.4883
360 3 -3.2096 -20.0648
370 3 -3.2425 -20.4840
380 3 -3.2800 -21.0595
390 3 -3.3718 -21.7344
400 3 -3.4087 -22.4583
410 3 -3.5087 -23.0459
420 3 -3.5345 -23.5195
430 3 -3.5953 -24.1082
440 3 -3.6939 -24.6557
450 3 -3.7419 -25.5286
460 3 -3.8367 -26.0440
470 3 -3.8725 -26.5414
