10 118 -0.7246 2.6867
20 118 -0.8234 2.5186
30 118 -0.8255 2.2630
40 118 -0.9464 1.8079
50 118 -0.9375 1.3026
60 118 -1.0302 0.9315
70 118 -1.1063 0.3315
80 118 -1.1274 -0.2393
90 118 -1.2132 -0.8884
100 118 -1.2193 -1.4111
110 118 -1.2799 -1.8327
120 118 -1.3472 -2.3988
130 118 -1.3270 -3.0423
140 118 -1.3878 -3.6256
150 118 -1.3433 -4.1300
160 118 -1.3096 -4.5994
170 118 -1.2947 -5.1901
180 118 -1.1907 -5.7526
190 118 -1.2463 -6.3760
200 118 -1.2044 -6.7961
210 118 -1.1682 -7.3097
220 118 -1.1857 -7.9714
230 118 -1.1389 -8.5644
240 118 -1.2520 -9.1029
250 118 -1.3275 -9.5290
260 118 -1.3935 -10.1106
270 118 -1.4982 -10.7227
280 118 -1.5509 -11.4269
290 118 -1.6480 -12.0271
300 118 -1.6615 -12.5305
310 118 -1.6798 -13.0150
320 118 -1.7123 -13.6180
330 118 -1.6496 -14.2895
340 118 -1.6672 -14.8699
350 118 -1.6032 -15.3796
360 118 -1.5492 -15.8541
370 118 -1.5260 -16.4710
380 118 -1.4489 -17.2142
390 118 -1.4625 -17.8034
400 118 -1.3819 -18.3391
410 118 -1.3406 -18.7849
420 118 -1.3192 -19.4355
430 118 -1.3040 -20.1713
440 118 -1.3513 -20.8510
450 118 -1.3266 -21.3268
460 118 -1.2992 -21.8014
470 118 -1.2934 -22.4751
480 118 -1.2453 -23.0582
490 118 -1.2666 -23.7672
500 118 -1.2171 -24.4865
510 118 -1.2582 -25.0747
520 118 -1.2244 -25.5742
530 118 -1.1951 -26.2631
540 118 -1.1824 -26.9800
550 118 -1.0774 -27.5613
