10 153 -2.2276 -26.6458
20 153 -2.2111 -26.2275
30 153 -2.1856 -25.7814
40 153 -2.1906 -25.3207
50 153 -2.1006 -24.7170
60 153 -2.0786 -24.1823
70 153 -2.1265 -23.8312
80 153 -2.0652 -23.2583
90 153 -2.1178 -22.5234
100 153 -2.1071 -22.1837
110 153 -2.0517 -21.4746
120 153 -2.0674 -21.1114
130 153 -2.0301 -20.6441
140 153 -2.0478 -19.8121
150 153 -2.0700 -19.5026
160 153 -2.0425 -18.9032
170 153 -2.0938 -18.3403
180 153 -2.0692 -17.9776
190 153 -2.0500 -17.1539
200 153 -2.0608 -16.8523
210 153 -1.9786 -16.3901
220 153 -2.0013 -15.6433
230 153 -1.9940 -15.2994
240 153 -1.9656 -14.7270
250 153 -1.9670 -14.2635
260 153 -1.9330 -13.7250
270 153 -1.9183 -13.0963
280 153 -1.9509 -12.7510
290 153 -1.8822 -12.2630
300 153 -1.8715 -11.5938
310 153 -1.8396 -11.1927
320 153 -1.7705 -10.5264
330 153 -1.8072 -10.1525
340 153 -1.7462 -9.6803
350 153 -1.7767 -8.9974
360 153 -1.8087 -8.5944
370 153 -1.7736 -8.0936
380 153 -1.8224 -7.5815
390 153 -1.7494 -6.9444
400 153 -1.6855 -6.5034
410 153 -1.6626 -6.0139
420 153 -1.5654 -5.6032
430 153 -1.5760 -5.0031
440 153 -1.5561 -4.4567
450 153 -1.5364 -4.0169
460 153 -1.5829 -3.6106
470 153 -1.5592 -3.0277
480 153 -1.5796 -2.4443
490 153 -1.5983 -2.0740
500 153 -1.5321 -1.6641
510 153 -1.5343 -1.0859
520 153 -1.4791 -0.5494
530 153 -1.3727 -0.1624
540 153 -1.3469 0.2517
550 153 -1.2373 0.8506
560 153 -1.1501 1.3263
570 153 -1.1490 1.7840
580 153 -1.0737 2.1797
590 153 -1.0714 2.5112
600 153 -1.0242 2.6305
