10 99 -1.5291 -27.0189
20 99 -1.6233 -26.6374
30 99 -1.6552 -26.1274
40 99 -1.7288 -25.4492
50 99 -1.8018 -24.9703
60 99 -1.8645 -24.3955
70 99 -2.0061 -23.9638
80 99 -2.0377 -23.4609
90 99 -2.0760 -22.7839
100 99 -2.1508 -22.2838
110 99 -2.1529 -21.8205
120 99 -2.2447 -21.2400
130 99 -2.2581 -20.5815
140 99 -2.3014 -20.1079
150 99 -2.4029 -19.6181
160 99 -2.4033 -19.1526
170 99 -2.4835 -18.5233
180 99 -2.5106 -17.9481
190 99 -2.5507 -17.4539
200 99 -2.6524 -17.0564
210 99 -2.6304 -16.3587
220 99 -2.6568 -15.7674
230 99 -2.7029 -15.3088
240 99 -2.6690 -14.9065
250 99 -2.7130 -14.3445
260 99 -2.6930 -13.7072
270 99 -2.6894 -13.1701
280 99 -2.7471 -12.7407
290 99 -2.7167 -12.2242
300 99 -2.7293 -11.5895
310 99 -2.6964 -11.0647
320 99 -2.6440 -10.6463
330 99 -2.6777 -10.1899
340 99 -2.6423 -9.6938
350 99 -2.6545 -9.1228
360 99 -2.7119 -8.6780
370 99 -2.6892 -8.2562
380 99 -2.7237 -7.6920
390 99 -2.6849 -7.0957
400 99 -2.6401 -6.6112
410 99 -2.6372 -6.2036
420 99 -2.5317 -5.6890
430 99 -2.5090 -5.1297
440 99 -2.4833 -4.5611
450 99 -2.4507 -4.1996
460 99 -2.4942 -3.6943
470 99 -2.4589 -3.0937
480 99 -2.4644 -2.5868
490 99 -2.5268 -2.1343
500 99 -2.4766 -1.7085
510 99 -2.5259 -1.1285
520 99 -2.5364 -0.5537
530 99 -2.5047 -0.0713
540 99 -2.5705 0.3412
550 99 -2.5685 0.8876
560 99 -2.6153 1.4090
570 99 -2.6839 1.8804
580 99 -2.6533 2.2707
590 99 -2.7148 2.6329
600 99 -2.6607 2.8598
