10 80 -0.8224 -27.0426
20 80 -0.8384 -26.5776
30 80 -0.8992 -26.0341
40 80 -0.8794 -25.5231
50 80 -0.8929 -25.0144
60 80 -0.8750 -24.4062
70 80 -0.7994 -23.9413
80 80 -0.8104 -23.5733
90 80 -0.7291 -22.9304
100 80 -0.7186 -22.3032
110 80 -0.7203 -21.7433
120 80 -0.6517 -21.2842
130 80 -0.6833 -20.7631
140 80 -0.5893 -20.2255
150 80 -0.5679 -19.6183
160 80 -0.5566 -19.0279
170 80 -0.4988 -18.5234
180 80 -0.5977 -18.1189
190 80 -0.5563 -17.5249
200 80 -0.5493 -16.8807
210 80 -0.5986 -16.4422
220 80 -0.5477 -16.0022
230 80 -0.6264 -15.4102
240 80 -0.6049 -14.8558
250 80 -0.5937 -14.3374
260 80 -0.6603 -13.8604
270 80 -0.6024 -13.4027
280 80 -0.6307 -12.8282
290 80 -0.6325 -12.1822
300 80 -0.6086 -11.7042
310 80 -0.6662 -11.2447
320 80 -0.5950 -10.6712
330 80 -0.5972 -10.0523
340 80 -0.5885 -9.4220
350 80 -0.5316 -8.9527
360 80 -0.5471 -8.4943
370 80 -0.5183 -7.9391
380 80 -0.5370 -7.2657
390 80 -0.5819 -6.7929
400 80 -0.5795 -6.3060
410 80 -0.6679 -5.8076
420 80 -0.6620 -5.1943
430 80 -0.6993 -4.6163
440 80 -0.7437 -4.1087
450 80 -0.6843 -3.7287
460 80 -0.7214 -3.1584
470 80 -0.6411 -2.5571
480 80 -0.5820 -2.0456
490 80 -0.5761 -1.5125
500 80 -0.4756 -1.1152
510 80 -0.4635 -0.5231
520 80 -0.3779 0.0613
530 80 -0.2536 0.5533
540 80 -0.2144 1.0419
550 80 -0.1040 1.5535
560 80 -0.0699 2.0357
570 80 -0.0016 2.3585
580 80 0.0831 2.4646
590 80 0.0480 2.5514
600 80 0.2080 2.8657
