10 195 -0.9033 2.5291
20 195 -0.8617 2.3626
30 195 -0.7820 1.9806
40 195 -0.7973 1.4212
50 195 -0.7248 1.0114
60 195 -0.7672 0.4296
70 195 -0.7998 -0.0081
80 195 -0.7496 -0.5765
90 195 -0.8379 -1.1690
100 195 -0.8173 -1.5691
110 195 -0.8553 -2.0042
120 195 -0.9233 -2.5498
130 195 -0.9264 -3.1339
140 195 -0.9900 -3.5653
150 195 -1.0111 -4.0148
160 195 -0.9969 -4.5640
170 195 -1.0570 -5.1819
180 195 -1.0383 -5.6217
190 195 -1.0776 -6.0165
200 195 -1.1541 -6.5985
210 195 -1.1231 -7.1918
220 195 -1.1844 -7.6436
230 195 -1.1894 -8.0746
240 195 -1.1456 -8.6588
250 195 -1.1698 -9.2804
260 195 -1.1187 -9.6959
270 195 -1.1188 -10.0740
280 195 -1.1753 -10.6184
290 195 -1.1279 -11.2149
300 195 -1.1437 -11.6865
310 195 -1.1119 -12.0748
320 195 -1.0551 -12.6193
330 195 -1.0781 -13.1763
340 195 -1.0339 -13.6483
350 195 -1.0178 -14.0919
360 195 -1.0392 -14.6644
370 195 -1.0199 -15.3326
380 195 -1.0906 -15.8000
390 195 -1.1256 -16.2005
400 195 -1.1815 -16.7327
410 195 -1.3191 -17.3443
420 195 -1.3520 -17.8838
430 195 -1.4407 -18.3515
440 195 -1.5105 -18.7859
450 195 -1.5093 -19.3869
460 195 -1.6118 -20.0096
470 195 -1.6242 -20.4591
480 195 -1.6708 -20.8737
490 195 -1.7738 -21.4950
500 195 -1.7380 -22.1581
510 195 -1.8143 -22.6290
520 195 -1.8184 -22.9844
530 195 -1.7729 -23.6029
540 195 -1.8385 -24.3266
550 195 -1.7827 -24.7959
560 195 -1.7992 -25.2754
570 195 -1.8209 -25.7930
580 195 -1.7668 -26.3160
590 195 -1.8383 -27.0105
600 195 -1.8053 -27.3732
