10 86 -0.7849 2.6439
20 86 -0.8552 2.6025
30 86 -1.0041 2.2918
40 86 -1.0049 1.9031
50 86 -1.0154 1.4526
60 86 -0.9889 0.9547
70 86 -0.8996 0.4434
80 86 -0.8924 -0.2439
90 86 -0.7822 -0.7320
100 86 -0.7021 -1.1010
110 86 -0.6371 -1.6811
120 86 -0.5182 -2.2742
130 86 -0.4846 -2.8706
140 86 -0.3942 -3.3204
150 86 -0.3537 -3.7926
160 86 -0.3478 -4.3916
170 86 -0.2448 -4.9593
180 86 -0.2409 -5.4847
190 86 -0.1554 -5.9262
200 86 -0.0899 -6.3745
210 86 -0.0848 -7.0267
220 86 -0.0005 -7.6291
230 86 -0.0336 -8.1662
240 86 0.0008 -8.5569
250 86 0.0288 -9.0639
260 86 0.0047 -9.7833
270 86 0.0747 -10.3101
280 86 0.0394 -10.8180
290 86 0.0564 -11.2218
300 86 0.1034 -11.8297
310 86 0.0882 -12.4497
320 86 0.1477 -12.9270
330 86 0.1489 -13.3798
340 86 0.1393 -13.9337
350 86 0.1577 -14.5298
360 86 0.1200 -15.1397
370 86 0.1788 -15.5633
380 86 0.2364 -16.0440
390 86 0.2314 -16.6535
400 86 0.3254 -17.2210
410 86 0.3119 -17.8939
420 86 0.3215 -18.3508
430 86 0.3104 -18.8442
440 86 0.2525 -19.4509
450 86 0.2663 -20.1107
460 86 0.1967 -20.7343
470 86 0.2112 -21.1229
480 86 0.2108 -21.6628
490 86 0.2185 -22.3157
500 86 0.2931 -22.9834
510 86 0.2804 -23.4909
520 86 0.3188 -23.9912
530 86 0.3600 -24.4755
540 86 0.3276 -25.1793
550 86 0.3880 -25.7255
560 86 0.3743 -26.3298
570 86 0.3877 -26.7631
