10 114 -1.3498 2.6087
20 114 -1.4324 2.0341
30 114 -1.3724 1.6694
40 114 -1.3946 1.3096
50 114 -1.4565 0.7793
60 114 -1.4534 0.2603
70 114 -1.6099 -0.3677
80 114 -1.6478 -0.8566
90 114 -1.6945 -1.2121
100 114 -1.8305 -1.7762
110 114 -1.9388 -2.3746
120 114 -2.1131 -2.9767
130 114 -2.2258 -3.5297
140 114 -2.3579 -3.9436
150 114 -2.4723 -4.4375
160 114 -2.5145 -5.0584
170 114 -2.6217 -5.6215
180 114 -2.6560 -6.1398
190 114 -2.7444 -6.6110
200 114 -2.8539 -7.1499
210 114 -2.9451 -7.7800
220 114 -3.1028 -8.3695
230 114 -3.2211 -8.9366
240 114 -3.3836 -9.3521
250 114 -3.5856 -9.8309
260 114 -3.6583 -10.4163
270 114 -3.8266 -10.9672
280 114 -3.8613 -11.5447
290 114 -3.8531 -11.9497
300 114 -3.8591 -12.4410
310 114 -3.8100 -13.0195
320 114 -3.8698 -13.7071
330 114 -3.8251 -14.3387
340 114 -3.8348 -14.6895
350 114 -3.8818 -15.2427
360 114 -3.8214 -15.8025
370 114 -3.8686 -16.4338
380 114 -3.8219 -16.9683
390 114 -3.7276 -17.3316
400 114 -3.7040 -17.9247
410 114 -3.5771 -18.5445
420 114 -3.5798 -19.1089
430 114 -3.4047 -19.5732
440 114 -3.2152 -19.9171
450 114 -3.1030 -20.4057
460 114 -2.8774 -21.1930
470 114 -2.7565 -21.4595
480 114 -2.6095 -21.9341
490 114 -2.4199 -22.3197
500 114 -2.3607 -22.9633
510 114 -2.1674 -23.4541
520 114 -2.0378 -23.7929
530 114 -1.9281 -24.3347
540 114 -1.7832 -24.9859
550 114 -1.7087 -25.3692
560 114 -1.5829 -25.7174
570 114 -1.4427 -26.0808
580 114 -1.4099 -26.8470
590 114 -1.2352 -27.3047
600 114 -1.1072 -27.6792
