10 4619 -1.0035 -3.7104
20 4619 -0.8006 -3.4280
30 4619 -0.7367 -3.0259
40 4619 -0.6643 -2.6144
50 4619 -0.5737 -2.0891
60 4619 -0.5722 -1.5152
70 4619 -0.4880 -0.9613
80 4619 -0.4007 -0.6008
90 4619 -0.3642 -0.1088
100 4619 -0.2996 0.4317
110 4619 -0.3164 0.8500
120 4619 -0.2281 1.2215
130 4619 -0.0780 1.7350
140 4619 -0.0263 2.2453
150 4619 0.1567 2.5953
160 4619 0.3128 2.9247
170 4619 0.3917 3.3965
180 4619 0.5037 3.8367
190 4619 0.4915 4.1632
200 4619 0.4813 4.4713
210 4619 0.5784 4.9072
220 4619 0.6091 5.1591
230 4619 0.6309 5.9966
