10 2051 3.0622 6.2232
20 2051 3.0430 5.7100
30 2051 3.0296 5.3936
40 2051 3.1187 5.0934
50 2051 3.1019 4.5901
60 2051 3.1391 4.2323
70 2051 3.2562 3.9187
80 2051 3.3191 3.3445
90 2051 3.3847 3.0180
100 2051 3.5289 2.6866
110 2051 3.5786 2.1384
120 2051 3.6280 1.8634
130 2051 3.7384 1.4783
140 2051 3.6835 0.9746
150 2051 3.7298 0.5222
160 2051 3.8334 0.1761
170 2051 3.8594 -0.3757
180 2051 3.9586 -0.8366
190 2051 4.0559 -1.2240
200 2051 4.0588 -1.7201
210 2051 4.1583 -2.2633
220 2051 4.2082 -2.7342
