10 1678 2.9775 -3.2207
20 1678 3.0338 -2.8128
30 1678 3.0010 -2.2627
40 1678 3.0737 -1.7763
50 1678 3.1220 -1.4904
60 1678 3.1386 -0.9117
70 1678 3.2578 -0.3842
80 1678 3.2839 -0.0761
90 1678 3.3123 0.3747
100 1678 3.4968 1.0318
110 1678 3.5506 1.4020
120 1678 3.6892 1.7343
130 1678 3.8645 2.1308
140 1678 3.9672 2.6367
150 1678 4.1069 2.9584
160 1678 4.2807 3.3859
170 1678 4.3370 3.8920
180 1678 4.5012 4.2839
190 1678 4.6019 4.6295
200 1678 4.6858 5.1160
210 1678 4.7539 5.4327
220 1678 4.6913 5.8438
