10 89 0.5392 -25.7095
20 89 0.6060 -25.2664
30 89 0.5584 -24.7710
40 89 0.5983 -23.9721
50 89 0.6787 -23.5854
60 89 0.6832 -23.1324
70 89 0.8116 -22.5333
80 89 0.8436 -21.8648
90 89 0.8885 -21.4549
100 89 0.9577 -20.9836
110 89 0.9093 -20.4058
120 89 0.9558 -19.7486
130 89 0.9580 -19.2729
140 89 0.9138 -18.8950
150 89 0.9574 -18.3004
160 89 0.8917 -17.7194
170 89 0.8736 -17.2497
180 89 0.8454 -16.8751
190 89 0.7642 -16.2226
200 89 0.7535 -15.5741
210 89 0.7573 -15.1426
220 89 0.7299 -14.7171
230 89 0.7633 -14.0847
240 89 0.7366 -13.4184
250 89 0.6962 -12.9091
260 89 0.7155 -12.5188
270 89 0.6695 -11.9204
280 89 0.6922 -11.3358
290 89 0.6902 -10.7516
300 89 0.6622 -10.3622
310 89 0.6742 -9.8643
320 89 0.6167 -9.2133
330 89 0.5817 -8.7141
340 89 0.6382 -8.3332
350 89 0.5938 -7.7460
360 89 0.6317 -7.1063
370 89 0.6279 -6.5923
380 89 0.6258 -6.1694
390 89 0.7144 -5.6015
400 89 0.6953 -5.0100
410 89 0.7466 -4.5054
420 89 0.8803 -4.1337
430 89 0.8916 -3.5745
440 89 0.9891 -2.9519
450 89 1.0805 -2.5003
460 89 1.1142 -2.1249
470 89 1.2134 -1.5769
480 89 1.2197 -0.9939
490 89 1.2133 -0.5284
500 89 1.2883 -0.1443
510 89 1.1904 0.2990
520 89 1.2087 0.8047
530 89 1.2264 1.1754
540 89 1.1759 1.6790
550 89 1.2096 2.0356
560 89 1.1721 2.3817
570 89 1.1527 2.8006
