10 277 0.9072 2.3325
20 277 1.0822 1.9114
30 277 1.1346 1.3315
40 277 1.1920 0.8912
50 277 1.2846 0.2431
60 277 1.2947 -0.3919
70 277 1.4118 -0.8733
80 277 1.4647 -1.3414
90 277 1.5091 -2.0136
100 277 1.5735 -2.6508
110 277 1.5345 -3.2758
120 277 1.5812 -3.6549
130 277 1.5691 -4.2480
140 277 1.5190 -4.9312
150 277 1.5357 -5.5637
160 277 1.4607 -6.0770
170 277 1.4639 -6.5116
180 277 1.4565 -7.1694
190 277 1.4025 -7.7996
200 277 1.4324 -8.4505
210 277 1.4275 -8.9946
220 277 1.4486 -9.4146
230 277 1.5516 -10.0650
240 277 1.5695 -10.7177
250 277 1.7105 -11.2680
260 277 1.7936 -11.6947
270 277 1.8985 -12.2353
280 277 1.9967 -12.8939
290 277 2.0138 -13.5665
300 277 2.0998 -14.0087
310 277 2.1107 -14.5422
320 277 2.0921 -15.1065
330 277 2.0778 -15.8080
340 277 2.0107 -16.3695
350 277 2.0335 -16.7576
360 277 2.0230 -17.3280
370 277 1.9900 -17.9567
380 277 2.1218 -18.5561
390 277 2.1316 -19.0734
400 277 2.2044 -19.5161
410 277 2.2335 -20.0366
420 277 2.2034 -20.7662
430 277 2.2879 -21.3237
440 277 2.2736 -21.7479
450 277 2.3074 -22.1639
460 277 2.3753 -22.8278
470 277 2.3830 -23.4030
480 277 2.5079 -23.9062
490 277 2.5745 -24.2555
500 277 2.6492 -24.7986
510 277 2.7618 -25.3668
520 277 2.7690 -25.8232
530 277 2.8099 -26.1824
540 277 2.8209 -26.8559
550 277 2.8214 -27.5636
560 277 2.7806 -27.9537
570 277 2.6985 -28.5020
580 277 2.7110 -28.8086
590 277 2.6531 -29.4418
600 277 2.6541 -29.7403
