10 169 1.3441 2.5058
20 169 1.3415 2.2476
30 169 1.4004 1.8998
40 169 1.3643 1.4461
50 169 1.2734 1.0246
60 169 1.2398 0.3706
70 169 1.1516 -0.0922
80 169 1.0705 -0.5415
90 169 1.0364 -1.2073
100 169 0.9682 -1.7235
110 169 0.9834 -2.1285
120 169 1.0277 -2.6616
130 169 1.0302 -3.3337
140 169 1.1032 -3.8722
150 169 1.1079 -4.2653
160 169 1.1334 -4.7850
170 169 1.1612 -5.4451
180 169 1.1302 -6.0093
190 169 1.1850 -6.3651
200 169 1.2238 -6.9030
210 169 1.2165 -7.5679
220 169 1.2939 -8.1277
230 169 1.2770 -8.5633
240 169 1.3073 -9.0416
250 169 1.3178 -9.6464
260 169 1.2880 -10.1739
270 169 1.4040 -10.5682
280 169 1.4570 -11.0755
290 169 1.4668 -11.6189
300 169 1.5404 -12.2212
310 169 1.5554 -12.6722
320 169 1.6157 -13.0745
330 169 1.6337 -13.6347
340 169 1.5924 -14.2570
350 169 1.6436 -14.5977
360 169 1.6006 -15.0423
370 169 1.5741 -15.5648
380 169 1.5403 -16.1501
390 169 1.4700 -16.6002
400 169 1.4650 -16.9382
410 169 1.4228 -17.5374
420 169 1.3361 -18.1012
430 169 1.3017 -18.5631
440 169 1.1796 -18.9341
450 169 1.0813 -19.4294
460 169 1.0278 -20.0208
470 169 0.8954 -20.5149
480 169 0.8788 -20.8422
490 169 0.8350 -21.3601
500 169 0.7489 -21.9863
510 169 0.7619 -22.5322
520 169 0.7066 -22.9459
530 169 0.7425 -23.4133
540 169 0.7734 -24.0689
550 169 0.7503 -24.5705
560 169 0.8185 -24.9633
570 169 0.8853 -25.3224
580 169 0.9319 -25.8991
590 169 1.0645 -26.5360
600 169 1.0911 -26.8956
610 169 1.1790 -27.2853
620 169 1.2474 -27.7742
630 169 1.2650 -28.1755
640 169 1.3251 -28.5280
650 169 1.3226 -29.4737
